1342424
23349
9966
227175
673730
124812
1121572
1326
32084
392840
877912
146718
91027
65274
336396
323
8712
567
1305078
100602
114165
11560
56430
835296
504
652380
1163340
242638
483231
227772
18547
8645
9000
54903
950
5187
17320
115787
29484
688
260991
702810
744069
6627
557172
5586
56900
8976
15704
49343
497547
1998336
15400
51756
290
3210892
59520
2074
2046
147057
15296
26000
37884
90986
6436
759
7910
19454
17280
4793
27010
207675
20748
154
13416
7031
50640
26406
15580
51958
6334
33320
516
272832
11880
12371
33300
38675
31188
122388
9494
8550
35424
107961
212268
1584
34100
216544
75582
123703
41080
59955
11766
219243
55080
34335
6270
107337
233072
2034
139992
9430
46168
76869
9
160412
35400
484
18422
22755
99076
1000
13230
62484
85760
87978
14170
466622
115896
72884
142308
72090
34479
317429
6072
2919
37100
50619
156626
66924
175968
8
2628
259896
64676
85
58350
54511
87400
54468
250558
2635
26208
42076
12640
48177
25674
16905
745848
109536
31652
54120
113710
318135
45696
123877
67320
60705
237016
205805
2958
164500
118624
4602
122
250421
74
46173
30394
19215
11040
57314
30504
3179
67680
534870
15010
38009
45696
242022
105148
219765
22736
203304
602316
6
40200
4
13332
35322
27
54120
1236
414
60944
11704
131667
54649
107696
131421
23540
218225
10
81158
436
17082
300520
53924
64824
126441
213248
6300
105994
57658
211584
271823
117530
417186
1160
163799
256932
211500
18644
45504
11900
3585
24480
117849
201828
141669
34
172
173676
237367
394816
591873
279750
51957
161784
7843
2032
156825
101
62
537156
251489
576420
42804
3930
36
17964
598900
63042
48861
33768
18830
6210
96747
229689
752
269890
78375
350008
315866
283282
27900
140278
148368
94188
81221
54244
515850
7722
2870
27936
37859
30
113924
7884
53912
368970
87
123
83014
20860
3
15000
73745
481690
127866
105184
11760
515916
13508
14476
59019
17670
62
208104
263546
47
184590
127980
99
46746
9251
252160
92769
121072
155363
47566
43875
474004
12785
297496
351043
82688
7
51128
7659
56
273695
27
179274
607724
195942
548420
557962
11286
516901
5
234255
67124
100283
151728
167171
979892
26676
163328
30711
5664
188505
132432
144080
84130
99802
313200
299269
41268
21
168582
67890
135420
59
7
43173
41440
417466
308016
368897
17204
231750
24
396604
81648
26151
69
219456
46
466877
657792
109340
540400
4257
288284
106586
23400
60605
190120
5502
436946
16
156816
141729
557200
224238
33921
237937
313158
945438
348248
405
647976
69190
136272
116478
228370
85899
3
7847
217764
2905
27040
10008
178068
160477
128100
38732
409762
164970
43672
399925
21726
539728
228980
20592
325510
15
230529
4330
581126
15
4
216315
34164
362614
14520
147294
202878
41936
425352
22
1181987
482313
113344
68
85050
335544
87688
96942
103058
1182545
5016
572421
24274
94095
42
100037
27720
94915
965584
206925
1545449
701434
261612
280
84130
328758
157
13
6
489725
29
12
28680
29
13920
97
94472
90321
134068
57230
728514
295122
137313
161
42
277415
60
97614
38
169290
130448
1151052
359058
791913
16500
74649
192
240937
124
18180
8
118
27940
127759
442680
36281
57856
428868
466712
114845
209
110
53354
220575
325000
42201
557023
175205
293440
110775
389181
1810415
1080816
35972
1499209
730656
479864
385359
507834
72
23
453946
115
88
4320
224515
305146
555489
488512
27795
15
483548
2
368
52250
478819
477480
284242
121852
587190
195
287969
82584
59254
12
353991
522098
705731
154536
247
1335760
30618
40896
249791
518130
598979
83796
486477
423612
460575
172800
3
141
221
77720
408025
236201
193556
35
23985
267802
348678
33516
234422
90
7683
913456
283454
111
330076
5960
60646
283
146755
28800
188113
577318
4824
4
446490
49692
237944
45
1170498
62
4277
117504
1000416
8717
107625
362208
124017
40631
129371
227540
288765
623866
1037918
438048
350000
356820
714153
393128
82
534240
136570
206664
175341
824200
218440
414
2011170
985072
364869
1890585
20512
102844
101594
3220
28380
160854
1991591
31752
149919
1016600
331359
741976
91420
277962
192570
82
755542
640234
424396
16500
224079
200422
102102
86
479465
4
20
134936
596079
174200
38918
226
32977
119298
62323
1101204
253875
228486
215922
146
1534293
322378
41663
1159380
1856129
20
940503
104
201
12420
851312
54192
231
192
79925
384888
778549
263723
673137
23800
36452
1832922
12654
275
117735
142612
332997
977040
738069
394760
513089
54824
1209248
987462
117
304
215925
128522
663637
192177
210532
21102
60732
86156
89900
250641
43
15
440969
43070
749275
297961
541687
1420610
453
533600
179091
157194
390780
1023420
266760
248570
142656
608592
505855
2
450304
207944
447153
1285537
77
1131008
1224314
620542
490201
692496
32
38
374187
6840
6849
261005
1720432
229964
243270
710135
89739
184360
342
11
239010
226968
616854
724464
268
413
689199
111254
869364
132
57794
3018520
87
890846
364240
81
163118
1224529
763752
190390
292670
183
1440848
232642
1363402
667844
402485
3
63
84
118235
236
52195
54
361
37882
427710
84840
839239
197640
549
66584
480483
347578
36675
331531
191
71
72072
391140
50692
663228
3
42