1342424
419196
473838
3274050
673730
124812
3857700
75684
12372084
23964850
43511128
581724
713915
936024
1528332
5814
2125728
8148
4849078
4601448
5768253
7044086
8724078
11429046
19432
16123218
19668876
22241516
483231
30793338
35768435
46760
50616
54903
50198
58578
75080
115787
96684
72971
137397879
702810
744069
101802
215767068
113827
172100
131427
145704
187196
395746635
1998336
178696
224181
182178
3210892
261360
214415
225246
147057
261312
283985
308220
374061
6436
310500
331590
357485
370080
4793
410626
607350
436924
433279
463944
475422
537360
531927
540380
596521
6334
618885
607332
901407
662728
686012
730260
759486
776388
892521
805110
830205
883680
983386
1115436
933075
994500
1206445
1095582
1174406
1123096
1173900
1158262
1398918
1268568
1282276
1289310
1426128
1588272
1394307
1570008
1477865
1553704
1624194
125
1789403
1706280
1713965
1775222
1823598
1944692
1892125
1950606
2046859
2117888
2168619
2144090
2646593
2346696
2355297
2477124
2460105
34479
2814254
2558520
2611810
2703260
2774880
2939826
2909907
3079584
151
3030084
3350571
3219444
232
3343950
3406862
3507400
3543021
3808574
3631030
3725904
3814001
3857728
3967368
25674
4087146
4893048
4334659
4335668
4438005
4578446
4864710
4675104
4837118
4865400
4944636
5207816
205805
5150574
5402075
5447200
5425227
298
5858312
252
46173
5927194
6014478
6105856
57314
6327720
6403254
6571728
7144011
6730370
6860720
6976896
7282855
7256764
7483320
7399392
7694229
8208684
203
7881000
203
8093332
8236725
229
8501965
8574132
8699589
8887632
8967145
131667
9271340
9456896
9614394
9641556
9972560
224
10111983
10171444
10329573
10755800
10653305
10809624
11017984
11252864
11195325
11445770
11549533
11856912
12071964
12073850
12531057
12273960
12596912
12851748
12969415
12941060
13133829
13267548
13427976
13619040
13884010
14141028
14255352
276
415
14819532
15063542
15402784
15783114
15655750
15614208
15911784
15947096
16132048
16479120
355
317
17445444
17358180
17883060
17550945
17715130
297
17964
18928685
18602178
18798936
18996376
19195571
19398690
19706578
229689
752
20541506
20573850
350008
315866
21460210
21435291
140278
22021689
22202988
22427184
22639060
23341215
23075338
23314445
23585184
23842500
318
113924
24565084
24865445
25436586
380
417
83014
26130428
300
26656200
26983446
27661690
27579969
27831200
11760
28795212
28572183
28854364
29181960
29425510
371
30191304
30537219
359
31044825
31284316
414
31800954
32065242
32611840
32758050
33093872
33437606
47566
33950800
34696180
12785
35156024
35530684
82688
336
36205928
36491472
388
37421510
361
179274
38766572
38695833
39391380
557962
39546486
40401284
347
40823160
41011380
41401958
41812896
42189912
979892
42778827
43283328
43520664
43867680
44424700
44744928
144080
45455618
45853993
46452240
46825310
46956468
382
168582
48163575
48628956
424
373
49743414
50148320
417466
51234816
51708990
51772820
52405125
398
53412229
53521776
53893042
447
54946677
426
56063540
56692608
56584605
57458416
57367332
58098732
58366727
58735560
59227116
59813320
60087735
60980562
409
61630272
62083654
62969968
63110229
33921
237937
64633158
65748241
65636264
65776050
66913672
66827365
67389360
116478
68478610
68838390
413
69772220
70491780
70789040
71327776
71827833
72515476
73019968
73512180
73949913
74850562
75137913
75551288
76444750
76606302
77666603
77900708
78239733
79094630
444
230529
80438843
81575942
448
438
82907640
83296212
84198005
84425880
85137255
85774078
41936
87166968
465
1181987
88999488
89227712
515
90401850
91257595
91617688
92237595
92857074
94552640
93993912
572421
95258962
95955786
500
97223978
97786920
98492138
100003600
99888510
1545449
101678509
101890620
747
103025410
103930389
627
484
478
106761000
503
487
108332008
506
109686240
576
111147272
111837684
112578884
113202395
114576930
114849697
137313
648
530
117685826
550
118950547
530
120478545
121172304
122928477
122875026
124049404
124018500
124824150
692
126494440
626
127787725
512
623
130094228
130965700
132055320
132426672
133229056
134383941
135208728
135646880
723
625
137973962
138943566
139853480
140379282
557023
142138848
143075056
143713500
389181
1810415
147165744
146954613
1499209
149326227
149918664
150670572
151642650
605
557
453946
651
625
156304080
157396376
158352346
159481272
160296128
160720500
559
162956223
548
915
165219450
166550770
167457480
168175595
121852
170311185
749
171857894
172580472
173488445
570
175655832
176765298
705731
178290552
810
181378096
181031193
182003104
183177032
184413810
185466510
83796
187307970
188227228
189249750
189950976
578
717
798
193846440
408025
236201
196991619
617
198859050
200126618
201234753
201950364
203185563
678
205037994
206988656
207407087
703
330076
210296216
60646
879
213635746
214591200
215827514
217297318
217809027
606
220429935
221128188
222415119
651
225555939
670
226612568
227842704
229846189
8717
231205560
232591744
233488842
40631
235775862
237020420
238231746
239720666
241292261
241853664
242930625
244106196
245636028
246491256
709
248996160
136570
251047464
252211254
254059016
254655955
1048
2011170
259053520
259651260
1890585
261754273
102844
264298077
265436836
266702985
268080310
1991591
270452520
271827160
273954200
274533210
276211976
276833473
277962
279490465
736
755542
283801322
284881087
285772740
287283820
200422
289780725
748
292792850
668
685
296430344
298226820
299144280
300352349
896
303045170
304486914
62323
308191780
308712000
310058214
311421313
824
315503214
322378
316790426
319304196
1856129
704
323298078
790
888
326619780
328883523
54192
922
884
333852980
335603544
337446974
263723
340253628
341066600
342545753
345812922
345467557
977
348535080
350047508
351729672
353869728
355131010
356292200
513089
358974024
361645721
362945478
830
1018
215925
368215530
370293628
192177
372939413
21102
375905775
377495772
379068425
250641
768
741
440969
386931390
389232646
297961
392228300
1420610
1186
397058016
398324916
399928842
390780
404059980
404942421
406567770
408109839
410228208
411782360
746
450304
416481912
418395894
1285537
826
424131008
1224314
427010558
490201
430490592
787
794
435318378
436675480
438404490
261005
1720432
443841980
445602555
710135
448957314
184360
1109
779
456178341
457945768
460119747
462016080
1041
1187
467374824
468604182
471174255
910
474000615
478787320
868
890846
481639105
865
163118
1224529
489445893
490736150
492706781
973
1440848
498280258
1363402
502494900
504126410
799
860
84
118235
1036
515257798
856
1164
521049178
523383885
524990728
839239
529017480
1358
532819784
535207656
537053594
538726410
331531
1006
887
546745563
549072820
50692
663228
824
864